n = 7
1 1 1 1 1 1 1   7!/7! = 1
2 2 2 1		1 2 2 2 	2 1 2 2		2 2 1 2		4! / 3! = 4
2 2 1 1 1 	5! / 3!*2! = 5 * 4 * 3! / 3! * 2! = 20/2 = 10						
2 1 1 1 1 1     6!/ 5! = 6



n = 1: 1
n = 2: 11, 2
n = 3: 111, 12, 21                   
n = 4: 1111, 112, 121, 211, 22     
n = 5: 11111, 1112, 1121, 1211, 2111, 122, 212, 221 
n = 6: 111111, 11112, 11121, 11211, 12111, 21111, 1122, 1212, 2112, 1221, 2121, 2211, 222 


n = 1
1

n = 2 
1 1
2

n = 3
1 1 1

1 2
2 1 ----2

n = 4 
1 1 1 1 

1 1 2
1 2 1
2 1 1 -------3

2 2

n = 5
1 1 1 1 1

1 1 1 2
1 1 2 1
1 2 1 1
2 1 1 1 --------4

1 2 2
2 1 2
2 2 1 -------3


n = 6
1 1 1 1 1 1 1 -1

1 1 1 1 2
1 1 1 2 1
1 1 2 1 1
1 2 1 1 1
2 1 1 1 1 -----5

1 1 2 2
1 2 1 2
2 1 1 2
1 2 2 1
2 1 2 1
2 2 1 1 ------6

2 2 2 -----1
